0000000000000000012222210000000000000000
0000000000000000012222210000000000000000
0000000000000000012222810000000000000000
0000000000000000011111110000002200000000
0000000000000000011111110000022220000000
0000000000000000011111110000022220000000
0000000000000000011111110000002260000000
0000000000000000011111110000000000000000
0000000000000000011111110000000000000000
1111111111111111111111111111111111111111
1111111111111111111111111111111111111111
1111111111111111111111111111111111111111
1111111111111111111111111111111111111111
1111111111111111111111111111111111111111
1111111111111111111111111111111111111111
0000000000711117000000000711117000000000
0000000000111111000000000111111000000000
0000000000144441000000000155551000000000
0000000000144441000000000155551000000000
0000000000144441000000000155551000000000
0000000000144441000000000155551000000000
0000000000111111000000000111111000000000
0000000000711117000000000711117000000000
0000000000000000000000000000000000000000
0000000000000000000000000000000000000000
0000000000000000000000000000000000000000
0000000000000000000000000000000000000000
0000000000000000000000000000000000000000
0000000000000000000000000000000000000000
0000000000000000000000000000000000000000


